39 1617 4 8816103001 PRATAP SINGH CSE 95 95 7 6.9
40 1617 4 8816103002 SACHIN SAINI CSE 95 95 8.5 8.6
41 1617 4 8816103003 DIVYANSH SHANDILYA CSE 95 95 7.3 8.2
42 1617 4 8816103005 PALLAVI BANSAL CSE 95 95 7.7 7.6
43 1617 4 8816103006 CHIRAG TEOTIA CSE 95 95 5.9 5.7
44 1617 4 8816103009 NIKHIL CHOUDHARY CSE 95 87 4.7 4.8
45 1617 4 8816103010 HARSH PRATAP SINGH CSE 95 91 5.1 5.6
46 1617 4 8816103011 YADAV SAURABH SHIV SHANKER CSE 95 95 5.2 5.3
47 1617 4 8816103017 JYOTI GUPTA CSE 95 95 8.1 7.4
48 1617 4 8816103019 VERDHA CHAUDHARY CSE 95 95 8 7.9
49 1617 4 8816103020 RAJEEV LOCHAN PANDEY CSE 95 95 7.4 7.1
50 1617 4 8816103021 SUNNY KASHYAP CSE 95 95 8.1 8.2
51 1617 4 8816103022 SHUBHAM SAXENA CSE 95 91 5.5 5.7
52 1617 4 8816103023 PARUL RATHOUR CSE 95 95 7.3 7.4
53 1617 4 8816103024 HARSHIT GUPTA CSE 95 95 8.7 9.3
54 1617 4 8816103025 SHILPA DOGRA CSE 95 95 8.4 8.4
55 1617 4 8816103026 SAJAL GARG CSE 95 95 6.7 6.7
56 1617 4 8816103028 SHEKHAR TEWARI CSE 95 95 6.1 6.3
57 1617 4 8816103029 MAHAK BANSAL CSE 95 95 8.7 8.7
58 1617 4 8816103030 KESHAV BHARDWAJ CSE 95 91 4.6 5
59 1617 4 8816103033 SRISHTI SETH CSE 95 95 7.7 7
60 1617 4 8816103034 AKSHAT AGARWAL CSE 95 95 7.2 7.3
61 1617 4 8816103035 RAM SHANKAR KUMAR CSE 95 95 7 6.5
62 1617 4 8816103037 SAURAV KUMAR CSE 95 95 7.4 7.4
63 1617 4 8816103038 HARSHIT KAUSHIK CSE 95 95 8.2 8.5
64 1617 4 8816103039 PARAMJEET SINGH CSE 95 95 6.5 6.8
65 1617 4 8816103040 KESHAV AGRAWAL CSE 95 95 6.1 6
66 1617 4 8816103041 BHARAT GUPTA CSE 95 95 6.7 6
67 1617 4 8816103042 JAYANSH SHARMA CSE 95 95 9.9 9.7
68 1617 4 8816103044 MOHIT SINGH CSE 95 95 5.9 6.2
69 1617 4 8816103045 MUAAZ EHTESHAMUDDIN CSE 95 80 2.7 4.9
70 1617 4 8816103047 ANUPRIYA CSE 95 95 6.5 5.9
71 1617 4 8816103049 VIVEK JINDAL CSE 95 95 7 6.1
72 1617 4 8816103050 SHAURYA THAKUR CSE 95 84 6.7 6.7
73 1617 4 8816103051 SAURABH TIWARI CSE 95 95 8.3 8.5
74 1617 4 8816103052 AAKASH DEEP LODHI CSE 95 95 8.8 8.7
75 1617 4 8816103053 PRITY KUMARI CSE 95 95 7.8 7.7
76 1617 4 8816103054 AYUSH KUMAR GUPTA CSE 95 95 8.3 7.6
77 1617 4 8816103055 NEEL VARUN CSE 95 95 7.5 7.6
78 1617 4 8816103056 SHIVANGI GOEL CSE 95 95 8.7 8.5
79 1617 4 8816103059 VAIBHAV RAWAT CSE 95 68 2.4 4
80 1617 4 8816103060 YASHDEEP RAJ CSE 95 95 8 8.4
81 1617 4 8816103061 ANKIT RATHORE CSE 95 95 8.8 8.9
82 1617 4 8816103063 ABIR OJHA CSE 49 29 3.2 2.7
83 1617 4 8816102001 NITESH DEVRAJ ECE 95 95 6.5 6.8
84 1617 4 8816102002 ALOK KUMAR ECE 95 95 9.8 9.6
85 1617 4 8816102003 NISHANT CHAUHAN ECE 95 95 8 8.4
86 1617 4 8816102004 SHREYA CHAUHAN ECE 95 95 6.3 6.4
87 1617 4 8816102005 AASTIK KULKARNI ECE 95 95 5.5 5.8
88 1617 4 8816102006 SAPNA GUPTA ECE 95 95 9.5 8.9
89 1617 4 8816103004 MANITOSH SHARMA ECE 95 95 6.7 7
90 1617 4 8816103027 SANDEEP PAL ECE 95 95 7.4 6.8
91 1617 4 8816103032 HARSH SHARMA ECE 95 95 6.8 7.1
92 1617 4 8816103048 ATUL KUMAR SHARMA ECE 95 95 6.5 7.3
93 1617 4 8816103057 KAPIL RAGHAV ECE 95 95 8.9 8.8
94 1617 4 8816103058 ROHIT KUMAR ECE 95 95 7.2 7.3
95 1617 4 8816103062 PAWAN SINGH ECE 95 95 8.3 8.5
96 1617 4 8816105010 KAUSHAL VARSHNEY ECE 95 95 7.8 7.5